112
0
-470708746759359140600787911838410676888051281871328614423130406694215
-470708746759359140600787911838410676888051281871328614423130406694215
-470708746759359140600787911838410676888051281871328614423130406694215
-470708746759359140600787911838410676888051281871328614423130406694215
-470708746759359140600787911838410676888051281871328614423130406694215
-470708746759359140600787911838410676888051281871328614423130406694215
-470708746759359140600787911838410676888051281871328614423130406694215
-470708746759359140600787911838410676888051281871328614423130406694215
-470708746759359140600787911838410676888051281871328614423130406694215
-470708746759359140600787911838410676888051281871328614423130406694215
-470708746759359140600787911838410676888051281871328614423130406694215
-470708746759359140600787911838410676888051281871328614423130406694215
-470708746759359140600787911838410676888051281871328614423130406694215
-470708746759359140600787911838410676888051281871328614423130406694215
-470708746759359140600787911838410676888051281871328614423130406694215
-470708746759359140600787911838410676888051281871328614423130406694215
-470708746759359140600787911838410676888051281871328614423130406694215
-470708746759359140600787911838410676888051281871328614423130406694215
-470708746759359140600787911838410676888051281871328614423130406694215
-470708746759359140600787911838410676888051281871328614423130406694215
-470708746759359140600787911838410676888051281871328614423130406694215
-470708746759359140600787911838410676888051281871328614423130406694215
-470708746759359140600787911838410676888051281871328614423130406694215
-470708746759359140600787911838410676888051281871328614423130406694215
-470708746759359140600787911838410676888051281871328614423130406694215
-470708746759359140600787911838410676888051281871328614423130406694215
-470708746759359140600787911838410676888051281871328614423130406694215
-470708746759359140600787911838410676888051281871328614423130406694215
-470708746759359140600787911838410676888051281871328614423130406694215
-470708746759359140600787911838410676888051281871328614423130406694215
-470708746759359140600787911838410676888051281871328614423130406694215
-470708746759359140600787911838410676888051281871328614423130406694215
-470708746759359140600787911838410676888051281871328614423130406694215
-470708746759359140600787911838410676888051281871328614423130406694215
-470708746759359140600787911838410676888051281871328614423130406694215
-470708746759359140600787911838410676888051281871328614423130406694215
-470708746759359140600787911838410676888051281871328614423130406694215
-470708746759359140600787911838410676888051281871328614423130406694215
-470708746759359140600787911838410676888051281871328614423130406694215
-470708746759359140600787911838410676888051281871328614423130406694215
-470708746759359140600787911838410676888051281871328614423130406694215
-470708746759359140600787911838410676888051281871328614423130406694215
-470708746759359140600787911838410676888051281871328614423130406694215
-470708746759359140600787911838410676888051281871328614423130406694215
-470708746759359140600787911838410676888051281871328614423130406694215
-470708746759359140600787911838410676888051281871328614423130406694215
-470708746759359140600787911838410676888051281871328614423130406694215
-470708746759359140600787911838410676888051281871328614423130406694215
-470708746759359140600787911838410676888051281871328614423130406694215
-470708746759359140600787911838410676888051281871328614423130406694215
-470708746759359140600787911838410676888051281871328614423130406694215
-470708746759359140600787911838410676888051281871328614423130406694215
-470708746759359140600787911838410676888051281871328614423130406694215
-470708746759359140600787911838410676888051281871328614423130406694215
-470708746759359140600787911838410676888051281871328614423130406694215
-470708746759359140600787911838410676888051281871328614423130406694215
-470708746759359140600787911838410676888051281871328614423130406694215
-470708746759359140600787911838410676888051281871328614423130406694215
-470708746759359140600787911838410676888051281871328614423130406694215
-470708746759359140600787911838410676888051281871328614423130406694215
-470708746759359140600787911838410676888051281871328614423130406694215
-470708746759359140600787911838410676888051281871328614423130406694215
-470708746759359140600787911838410676888051281871328614423130406694215
-470708746759359140600787911838410676888051281871328614423130406694215
-470708746759359140600787911838410676888051281871328614423130406694215
-470708746759359140600787911838410676888051281871328614423130406694215
-470708746759359140600787911838410676888051281871328614423130406694215
-470708746759359140600787911838410676888051281871328614423130406694215
-470708746759359140600787911838410676888051281871328614423130406694215
-470708746759359140600787911838410676888051281871328614423130406694215
-470708746759359140600787911838410676888051281871328614423130406694215
-470708746759359140600787911838410676888051281871328614423130406694215
-470708746759359140600787911838410676888051281871328614423130406694215
-470708746759359140600787911838410676888051281871328614423130406694215
-470708746759359140600787911838410676888051281871328614423130406694215
-470708746759359140600787911838410676888051281871328614423130406694215
-470708746759359140600787911838410676888051281871328614423130406694215
-470708746759359140600787911838410676888051281871328614423130406694215
-470708746759359140600787911838410676888051281871328614423130406694215
-470708746759359140600787911838410676888051281871328614423130406694215
-470708746759359140600787911838410676888051281871328614423130406694215
-470708746759359140600787911838410676888051281871328614423130406694215
-470708746759359140600787911838410676888051281871328614423130406694215
-470708746759359140600787911838410676888051281871328614423130406694215
-470708746759359140600787911838410676888051281871328614423130406694215
-470708746759359140600787911838410676888051281871328614423130406694215
-470708746759359140600787911838410676888051281871328614423130406694215
-470708746759359140600787911838410676888051281871328614423130406694215
-470708746759359140600787911838410676888051281871328614423130406694215
-470708746759359140600787911838410676888051281871328614423130406694215
-470708746759359140600787911838410676888051281871328614423130406694215
-470708746759359140600787911838410676888051281871328614423130406694215
-470708746759359140600787911838410676888051281871328614423130406694215
-470708746759359140600787911838410676888051281871328614423130406694215
-470708746759359140600787911838410676888051281871328614423130406694215
-470708746759359140600787911838410676888051281871328614423130406694215
-470708746759359140600787911838410676888051281871328614423130406694215
-470708746759359140600787911838410676888051281871328614423130406694215
-470708746759359140600787911838410676888051281871328614423130406694215
-470708746759359140600787911838410676888051281871328614423130406694215
-470708746759359140600787911838410676888051281871328614423130406694215
-470708746759359140600787911838410676888051281871328614423130406694215
-470708746759359140600787911838410676888051281871328614423130406694215
-470708746759359140600787911838410676888051281871328614423130406694215
-470708746759359140600787911838410676888051281871328614423130406694215
-470708746759359140600787911838410676888051281871328614423130406694215
-470708746759359140600787911838410676888051281871328614423130406694215
-470708746759359140600787911838410676888051281871328614423130406694215
-470708746759359140600787911838410676888051281871328614423130406694215
-470708746759359140600787911838410676888051281871328614423130406694215
-470708746759359140600787911838410676888051281871328614423130406694215
